55
227 231 10 89
441 354 1 93
762 387 10 88
1116 366 1 94
1359 232 10 89
1624 272 5 106
1904 486 10 89
1826 658 1 94
1371 553 1 94
1044 704 5 107
829 680 10 88
614 674 1 93
214 657 10 89
400 962 1 93
838 951 1 93
1255 840 10 88
1527 905 1 94
1797 1033 5 106
1909 1277 10 89
1660 1344 1 95
1378 1311 10 89
1239 1081 1 95
1001 1162 10 88
1088 1400 10 88
892 1354 5 105
611 1228 1 95
277 1244 5 105
216 1663 10 89
462 1580 1 93
738 1576 1 94
1024 1684 10 88
1252 1549 1 93
1475 1682 10 88
1928 1616 5 105
1686 1877 1 95
1331 1900 1 94
1115 2002 10 88
840 1876 1 93
575 1972 5 104
260 2009 1 93
182 2226 10 87
556 2210 10 88
903 2136 5 105
1286 2264 1 95
1513 2109 10 88
1877 2086 5 105
1729 2393 1 94
1867 2611 10 89
1241 2526 5 106
1001 2395 10 88
961 2596 10 88
790 2414 1 93
584 2576 10 88
416 2430 5 105
199 2597 10 87


53
 AREA 26336.5 1868 2612 1
 AREA 24425.5 203 2598 1
 AREA 25469.0 964 2596 1
 AREA 24804.0 585 2577 1
 AREA 35787.5 1241 2524 5
 AREA 34957.0 419 2430 5
 AREA 29299.0 792 2415 1
 AREA 24668.0 999 2397 1
 AREA 29693.5 1731 2392 1
 AREA 29451.0 1289 2265 1
 AREA 22867.5 185 2226 1
 AREA 25537.0 559 2212 1
 AREA 34793.0 904 2137 5
 AREA 25645.5 1514 2111 1
 AREA 34839.5 1877 2088 5
 AREA 27622.0 264 2010 1
 AREA 25474.0 1115 2003 1
 AREA 35034.5 575 1974 5
 AREA 28954.5 1333 1901 1
 AREA 27971.5 1687 1877 1
 AREA 28457.5 840 1876 1
 AREA 24908.5 1476 1683 1
 AREA 24679.5 1024 1683 1
 AREA 25604.5 220 1663 1
 AREA 36165.0 1932 1617 5
 AREA 28298.5 461 1580 1
 AREA 27887.0 738 1577 1
 AREA 29038.5 1254 1551 1
 AREA 60570.0 976 1375 25
 AREA 29036.0 1659 1345 1
 AREA 24790.0 1379 1312 1
 AREA 25440.5 1907 1278 1
 AREA 23862.5 283 1217 1
 AREA 29534.0 613 1229 1
 AREA 25463.0 1004 1163 1
 AREA 29296.5 1242 1081 1
 AREA 34789.5 1798 1033 5
 AREA 27953.0 400 961 1
 AREA 29291.0 840 952 1
 AREA 28774.5 1528 906 1
 AREA 24853.5 1256 842 1
 AREA 35795.0 1046 705 5
 AREA 25266.0 831 681 1
 AREA 28285.0 616 675 1
 AREA 24877.5 216 656 1
 AREA 28414.5 1373 552 1
 AREA 54428.0 1865 576 25
 AREA 25497.0 764 387 1
 AREA 28969.0 1119 365 1
 AREA 29583.5 444 356 1
 AREA 36177.5 1626 272 5
 AREA 25586.5 1361 232 1
 AREA 25101.5 228 231 1